02463
02463
04233
04233
04327
04327
04385
04385
04394
04394
04470
04470
04649
04649
05015
05015
05033
05033
05246
05246
05268
05268
05293
05293
05297
05297
05301
05301
05308
05308
05310
05310
05321
05321
05337
05337
05338
05338
05373
05373
05377
05377
05379
05379
05393
05393
05407
05407
05409
05409
05415
05415
05432
05432
05450
05450
05455
05455
05456
05456
05463
05463
05486
05486
05489
05489
05492
05492
05501
05501
05513
05513
05522
05522
05531
05531
05555
05555
05559
05559
05587
05587
05601
05601
05603
05603
05611
05611
05616
05616
05618
05618
05619
05619
05623
05623
05628
05628
05638
05638
05656
05656
05663
05663
05668
05668
05669
05669
05671
05671
05673
05673
05674
05674
05675
05675
05679
05679
05680
05680
05695
05695
05696
05696
05697
05697
05708
05708
05714
05714
05723
05723
05730
05730
05733
05733
05752
05752
05764
05764
05766
05766
05774
05774
05775
05775
05786
05786
05787
05787
05788
05788
05794
05794
05801
05801
05805
05805
05808
05808
05809
05809
05810
05810
05812
05812
05815
05815
05830
05830
05831
05831
05833
05833
05842
05842
05844
05844
05848
05848
05850
05850
05853
05853
05854
05854
05857
05857
05863
05863
05868
05868
05880
05880
05881
05881
05884
05884
05892
05892
05906
05906
05907
05907
05912
05912
05919
05919
05923
05923
05953
05953
05954
05954
05956
05956
05963
05963
05974
05974
05999
05999
06000
06000
06001
06001
06005
06005
06012
06012
06013
06013
06014
06014
06015
06015
06017
06017
06019
06019
06021
06021
06023
06023
06026
06026
06028
06028
06029
06029
06030
06030
06031
06031
06034
06034
06035
06035
06036
06036
06040
06040
06043
06043
06044
06044
06046
06046
06048
06048
06049
06049
06050
06050
06051
06051
06052
06052
06055
06055
06059
06059
06063
06063
06065
06065
06071
06071
06078
06078
06079
06079
06082
06082
06084
06084
06088
06088
06091
06091
06093
06093
06096
06096
06097
06097
06098
06098
06100
06100
06101
06101
06107
06107
06108
06108
06109
06109
06110
06110
06113
06113
06115
06115
06116
06116
06117
06117
06118
06118
06121
06121
06122
06122
06123
06123
06124
06124
06125
06125
06126
06126
06127
06127
06129
06129
06130
06130
06134
06134
06135
06135
06136
06136
06139
06139
06145
06145
06166
06166
06172
06172
06174
06174
06185
06185
06187
06187
06189
06189
06190
06190
06191
06191
06197
06197
06198
06198
06199
06199
06201
06201
06202
06202
06209
06209
06211
06211
06212
06212
06213
06213
06214
06214
06215
06215
06216
06216
06231
06231
06232
06232
06233
06233
06234
06234
06238
06238
06240
06240
06241
06241
06245
06245
06246
06246
06248
06248
06249
06249
06251
06251
06252
06252
06256
06256
06257
06257
06260
06260
06261
06261
06265
06265
06266
06266
06267
06267
06269
06269
