02463
02463
02463
02463
02463
02463
02463
02463
02463
02463
02463
02463
04233
04233
04233
04233
04233
04233
04233
04233
04233
04233
04233
04233
04252
04252
04252
04252
04252
04252
04252
04252
04252
04252
04252
04252
04261
04261
04261
04261
04261
04261
04261
04261
04261
04261
04261
04261
04267
04267
04267
04267
04267
04267
04267
04267
04267
04267
04267
04267
04327
04327
04327
04327
04327
04327
04327
04327
04327
04327
04327
04327
04385
04385
04385
04385
04385
04385
04385
04385
04385
04385
04385
04385
04394
04394
04394
04394
04394
04394
04394
04394
04394
04394
04394
04394
04397
04397
04397
04397
04397
04397
04397
04397
04397
04397
04397
04397
04470
04470
04470
04470
04470
04470
04470
04470
04470
04470
04470
04470
04537
04537
04537
04537
04537
04537
04537
04537
04537
04537
04537
04537
04629
04629
04629
04629
04629
04629
04629
04629
04629
04629
04629
04629
04815
04815
04815
04815
04815
04815
04815
04815
04815
04815
04815
04815
04851
04851
04851
04851
04851
04851
04851
04851
04851
04851
04851
04851
04888
04888
04888
04888
04888
04888
04888
04888
04888
04888
04888
04888
04917
04917
04917
04917
04917
04917
04917
04917
04917
04917
04917
04917
05015
05015
05015
05015
05015
05015
05015
05015
05015
05015
05015
05015
05028
05028
05028
05028
05028
05028
05028
05028
05028
05028
05028
05028
05033
05033
05033
05033
05033
05033
05033
05033
05033
05033
05044
05044
05044
05044
05044
05044
05044
05044
05136
05136
05136
05136
05136
05136
05136
05136
05136
05136
05136
05136
05156
05156
05156
05156
05156
05156
05156
05156
05156
05156
05156
05156
05176
05176
05176
05176
05176
05176
05176
05176
05176
05176
05176
05176
05186
05186
05186
05186
05186
05186
05186
05186
05186
05186
05186
05186
05191
05191
05191
05191
05191
05191
05191
05191
05191
05191
05191
05191
05204
05204
05204
05204
05204
05204
05204
05204
05204
05204
05204
05204
05213
05213
05213
05213
05213
05213
05213
05213
05213
05213
05213
05213
05232
05232
05232
05232
05232
05232
05232
05232
05232
05232
05232
05232
05244
05244
05244
05244
05244
05244
05244
05244
05244
05244
05244
05244
05248
05248
05248
05248
05248
05248
05248
05248
05248
05248
05248
05248
05256
05256
05256
05256
05256
05256
05256
05256
05256
05256
05256
05256
05271
05271
05271
05271
05271
05271
05271
05271
05271
05271
05271
05271
05284
05284
05284
05284
05284
05284
05284
05284
05284
05284
05284
05284
05288
05288
05288
05288
05288
05288
05288
05288
05288
05288
05288
05288
05289
05289
05289
05289
05289
05289
05289
05289
05289
05289
05289
05289
05290
05290
05290
05290
05290
05290
05290
05290
05290
05290
05290
05290
05292
05292
05292
05292
05292
05292
05292
05292
05292
05292
05292
05292
05298
05298
05298
05298
05298
05298
05298
05298
05298
05298
05298
05298
05300
05300
05300
05300
05300
05300
05300
05300
05300
05300
05300
05300
05301
05301
05301
05301
05301
05301
05301
05301
05301
05301
05301
05301
05303
05303
05303
05303
05303
05303
05303
05303
05303
05303
05303
05303
05304
05304
05304
05304
05304
05304
05304
05304
05304
05304
05304
05304
05305
05305
05305
05305
05305
05305
05305
05305
05305
05305
05305
05305
05306
05306
05306
05306
05306
05306
05306
05306
05306
05306
05306
05306
05308
05308
05308
05308
05308
05308
05308
05308
05308
05308
05308
05308
05310
05310
05310
05310
05310
05310
05310
05310
05310
05310
05310
05310
05314
05314
05314
05314
05314
05314
05314
05314
05314
05314
05314
05314
05317
05317
05317
05317
05317
05317
05317
05317
05317
05317
05317
05317
05320
05320
05320
05320
05320
05320
05320
05320
05320
05320
05320
05320
05321
05321
05321
05321
05321
05321
05321
05321
05321
05321
05321
05321
05324
05324
05324
05324
05324
05324
05324
05324
05324
05324
05324
05324
05337
05337
05337
05337
05337
05337
05337
05337
05337
05337
05337
05337
05341
05341
05341
05341
05341
05341
05341
05341
05341
05341
05341
05341
05344
05344
05344
05344
05344
05344
05344
05344
05344
05344
05344
05344
05355
05355
05355
05355
05355
05355
05355
05355
05366
05366
05366
05366
05366
05366
05366
05366
05366
05366
05366
05366
05368
05368
05368
05368
05368
05368
05368
05368
05368
05368
05368
05368
05379
05379
05379
05379
05379
05379
05379
05379
05379
05379
05379
05379
05386
05386
05386
05386
05386
05386
05386
05386
05386
05386
05386
05386
05392
05392
05392
05392
05392
05392
05392
05392
05392
05392
05399
05399
05399
05399
05399
05399
05399
05399
05399
05399
05399
05399
05401
05401
05401
05401
05401
05401
05401
05401
05401
05401
05401
05401
05405
05405
05405
05405
05405
05405
05405
05405
05405
05405
05405
05405
05406
05406
05406
05406
05406
05406
05406
05406
05406
05406
05406
05406
05407
05407
05407
05407
05407
05407
05407
05407
05407
05407
05407
05407
05408
05408
05408
05408
05408
05408
05408
05408
05408
05408
05408
05408
05409
05409
05409
05409
05409
05409
05409
05409
05409
05409
05409
05409
05412
05412
05412
05412
05412
05412
05412
05412
05412
05412
05415
05415
05415
05415
05415
05415
05415
05415
05415
05415
05415
05415
05430
05430
05430
05430
05430
05430
05430
05430
05430
05430
05430
05430
05441
05441
05441
05441
05441
05441
05441
05441
05441
05441
05441
05441
05442
05442
05442
05442
05442
05442
05442
05442
05442
05442
05442
05442
05444
05444
05444
05444
05444
05444
05444
05444
05444
05444
05444
05444
05445
05445
05445
05445
05445
05445
05445
05445
05445
05445
05445
05445
05447
05447
05447
05447
05447
05447
05447
05447
05447
05447
05447
05447
05448
05448
05448
05448
05448
05448
05448
05448
05448
05448
05448
05448
05450
05450
05450
05450
05450
05450
05450
05450
05450
05450
05450
05450
05454
05454
05454
05454
05454
05454
05454
05454
05454
05454
05454
05454
05455
05455
05455
05455
05455
05455
05455
05455
05455
05455
05455
05455
05456
05456
05456
05456
05456
05456
05456
05456
05456
05456
05457
05457
05457
05457
05457
05457
05457
05457
05457
05457
05457
05457
05459
05459
05459
05459
05459
05459
05459
05459
05459
05459
05460
05460
05460
05460
05460
05460
05460
05460
05460
05460
05460
05460
05461
05461
05461
05461
05461
05461
05461
05461
05461
05461
05461
05461
05462
05462
05462
05462
05462
05462
05462
05462
05462
05462
05462
05462
05463
05463
05463
05463
05463
05463
05463
05463
05463
05463
05465
05465
05465
05465
05465
05465
05465
05465
05465
05465
05465
05465
05466
05466
05466
05466
05466
05466
05466
05466
05466
05466
05466
05466
